[[[1, 2, 3], [4, 5, 6], [7, 8, 9]], [1, 1, 1, 2, 2, 2, 3, 3, 4, 4, 4, 4, 4, 4, 5, 5, 5, 6, 8, 8, 9]]
[[[1, 2, 3], [4, 'X', 6], [7, 8, 9]], [1, 1, 1, 2, 2, 2, 3, 3, 3, 4, 4, 4, 6, 6, 6, 7, 7, 7, 8, 8, 8, 9, 9, 9]]
[[['O', 2, 3], [4, 'X', 6], [7, 8, 9]], [2, 2, 2, 3, 3, 3, 4, 4, 4, 6, 6, 7, 7, 7, 8, 8, 8, 9, 9, 9]]
[[['O', 2, 'X'], [4, 'X', 6], [7, 8, 9]], [2, 2, 2, 4, 4, 4, 6, 6, 6, 7, 7, 7, 8, 8, 8, 9, 9, 9]]
[[['O', 2, 'X'], [4, 'X', 6], [7, 'O', 9]], [2, 2, 2, 4, 4, 4, 6, 6, 6, 7, 7, 7, 9, 9, 9]]
[[[1, 2, 3], [4, 5, 'X'], [7, 8, 9]], [1, 1, 1, 2, 2, 2, 3, 3, 3, 4, 4, 4, 5, 5, 5, 7, 7, 7, 8, 8, 8, 9, 9, 9]]
[[['O', 2, 3], [4, 5, 'X'], [7, 8, 9]], [2, 2, 2, 3, 3, 3, 4, 4, 4, 5, 5, 5, 7, 7, 7, 8, 8, 8, 9, 9]]
[[['O', 2, 'X'], [4, 5, 'X'], [7, 8, 9]], [2, 2, 2, 4, 4, 4, 5, 5, 5, 7, 7, 7, 8, 8, 8, 9, 9, 9]]
[[['O', 2, 'X'], [4, 5, 'X'], ['O', 8, 9]], [2, 2, 2, 4, 4, 4, 5, 5, 5, 8, 8, 8, 9, 9, 9]]
[[['O', 2, 'X'], [4, 5, 'X'], ['O', 'X', 9]], [2, 2, 2, 4, 4, 4, 5, 5, 5, 9, 9, 9]]
[[['O', 2, 'X'], ['O', 5, 'X'], ['O', 'X', 9]], [2, 2, 2, 5, 5, 5, 9, 9, 9]]
[[[1, 2, 3], [4, 5, 6], ['X', 8, 9]], [1, 1, 1, 2, 2, 2, 3, 3, 3, 4, 4, 4, 5, 5, 5, 6, 6, 6, 8, 8, 8, 9, 9, 9]]
[[[1, 2, 'O'], [4, 5, 6], ['X', 8, 9]], [1, 1, 1, 2, 2, 2, 4, 4, 4, 5, 5, 5, 6, 6, 6, 8, 8, 8, 9, 9, 9]]
[[[1, 'O', 3], [4, 5, 'X'], [7, 8, 9]], [1, 1, 3, 3, 3, 4, 4, 4, 5, 5, 5, 7, 7, 7, 8, 8, 8, 9, 9, 9]]
[[[1, 2, 3], [4, 5, 6], [7, 8, 'O']], [1, 1, 1, 2, 2, 2, 3, 3, 3, 4, 4, 4, 5, 5, 5, 6, 6, 6, 7, 7, 7, 8, 8, 8]]
[[['X', 2, 3], [4, 5, 6], [7, 8, 9]], [2, 2, 2, 3, 3, 3, 4, 4, 4, 5, 5, 5, 6, 6, 6, 7, 7, 7, 8, 8, 8, 9, 9, 9]]
[[['X', 2, 'O'], [4, 5, 6], [7, 8, 9]], [2, 2, 2, 4, 4, 4, 5, 5, 6, 6, 7, 7, 7, 8, 8, 8, 9, 9, 9]]
[[['O', 2, 3], [4, 5, 6], [7, 8, 9]], [2, 2, 2, 3, 3, 3, 4, 4, 4, 5, 5, 5, 6, 6, 6, 7, 7, 7, 8, 8, 8, 9, 9, 9]]
[[[1, 'O', 3], [4, 5, 6], [7, 8, 9]], [1, 1, 1, 3, 3, 3, 4, 4, 4, 5, 5, 5, 6, 6, 6, 7, 7, 7, 8, 8, 8, 9, 9, 9]]
[[[1, 'O', 3], ['X', 5, 6], [7, 8, 9]], [1, 1, 1, 3, 3, 3, 5, 5, 5, 6, 6, 6, 7, 7, 7, 8, 8, 8, 9, 9, 9]]
[[['O', 'O', 3], ['X', 5, 6], [7, 8, 9]], [3, 3, 3, 5, 5, 5, 6, 6, 6, 7, 7, 7, 8, 8, 8, 9, 9, 9]]
[[['O', 'O', 3], ['X', 5, 'X'], [7, 8, 9]], [3, 3, 3, 5, 5, 5, 7, 7, 7, 8, 8, 8, 9, 9, 9]]
[[['O', 'O', 'O'], ['X', 5, 'X'], [7, 8, 9]], [5, 5, 5, 7, 7, 7, 8, 8, 8, 9, 9, 9]]
[[[1, 2, 3], ['X', 5, 6], [7, 8, 9]], [1, 1, 1, 2, 2, 2, 3, 3, 3, 5, 5, 5, 6, 6, 6, 7, 7, 7, 8, 8, 8, 9, 9, 9]]
[[[1, 2, 'O'], ['X', 5, 6], [7, 8, 9]], [1, 1, 2, 2, 2, 5, 5, 5, 6, 6, 6, 7, 7, 7, 8, 8, 8, 9, 9, 9]]
[[[1, 2, 'O'], ['X', 5, 6], ['X', 8, 9]], [1, 1, 1, 2, 2, 2, 5, 5, 5, 6, 6, 6, 8, 8, 8, 9, 9, 9]]
[[['O', 2, 'O'], ['X', 5, 6], ['X', 8, 9]], [2, 2, 2, 5, 5, 5, 6, 6, 6, 8, 8, 8, 9, 9]]
[[['O', 2, 'O'], ['X', 5, 6], ['X', 'X', 9]], [2, 2, 2, 5, 5, 5, 6, 6, 6, 9, 9, 9]]
[[['O', 'O', 'O'], ['X', 5, 6], ['X', 'X', 9]], [5, 5, 5, 6, 6, 6, 9, 9, 9]]
[[[1, 'X', 3], [4, 5, 6], [7, 8, 9]], [1, 1, 1, 3, 3, 3, 4, 4, 4, 5, 5, 5, 6, 6, 6, 7, 7, 7, 8, 8, 8, 9, 9, 9]]
[[['O', 'X', 3], [4, 5, 6], [7, 8, 9]], [3, 3, 3, 4, 4, 4, 5, 5, 5, 6, 6, 6, 7, 7, 7, 8, 8, 8, 9, 9, 9]]
[[['O', 'X', 3], [4, 'X', 6], [7, 8, 9]], [3, 3, 3, 4, 4, 4, 6, 6, 6, 7, 7, 7, 8, 8, 8, 9, 9, 9]]
[[['O', 'X', 3], [4, 'X', 6], ['O', 8, 9]], [3, 3, 3, 4, 4, 4, 6, 6, 6, 8, 8, 8, 9, 9, 9]]
[[['O', 'X', 3], ['X', 'X', 6], ['O', 8, 9]], [3, 3, 3, 6, 6, 6, 8, 8, 8, 9, 9, 9]]
[[['O', 'X', 3], ['X', 'X', 6], ['O', 'O', 9]], [3, 3, 3, 6, 6, 6, 9, 9, 9]]
[[['O', 'X', 'X'], ['X', 'X', 6], ['O', 'O', 9]], [6, 6, 6, 9, 9, 9]]
[[['O', 'X', 'X'], ['X', 'X', 6], ['O', 'O', 'O']], [6, 6, 6]]
[[['O', 2, 3], [4, 5, 6], ['X', 8, 9]], [2, 2, 3, 3, 3, 4, 4, 5, 5, 6, 6, 6, 8, 8, 8, 9, 9, 9]]
[[['O', 2, 'X'], [4, 5, 6], ['X', 8, 9]], [2, 2, 2, 4, 4, 4, 5, 5, 5, 6, 6, 6, 8, 8, 8, 9, 9, 9]]
[[['O', 2, 'X'], [4, 'O', 6], ['X', 8, 9]], [2, 2, 2, 4, 4, 4, 6, 6, 6, 8, 8, 8, 9, 9, 9]]
[[['O', 2, 'X'], [4, 'O', 6], ['X', 'X', 9]], [2, 2, 2, 4, 4, 4, 6, 6, 6, 9, 9, 9]]
[[['O', 2, 'X'], [4, 'O', 6], ['X', 'X', 'O']], [2, 2, 2, 4, 4, 4, 6, 6, 6]]
[[[1, 2, 3], [4, 'O', 6], [7, 8, 9]], [1, 1, 1, 2, 2, 2, 3, 3, 3, 4, 4, 4, 6, 6, 6, 7, 7, 7, 8, 8, 8, 9, 9, 9]]
[[[1, 2, 3], ['X', 'O', 6], [7, 8, 9]], [1, 1, 1, 2, 2, 2, 3, 3, 3, 6, 6, 6, 7, 7, 7, 8, 8, 8, 9, 9, 9]]
[[[1, 2, 'O'], ['X', 'O', 6], [7, 8, 9]], [1, 1, 1, 2, 2, 2, 6, 6, 6, 7, 7, 7, 8, 8, 8, 9, 9, 9]]
[[[1, 2, 'O'], ['X', 'O', 'X'], [7, 8, 9]], [1, 1, 1, 2, 2, 2, 7, 7, 7, 8, 8, 8, 9, 9, 9]]
[[[1, 'O', 'O'], ['X', 'O', 'X'], [7, 8, 9]], [1, 1, 1, 7, 7, 7, 8, 8, 8, 9, 9, 9]]
[[['X', 'O', 'O'], ['X', 'O', 'X'], [7, 8, 9]], [7, 7, 7, 8, 8, 8, 9, 9, 9]]
[[['X', 'O', 'O'], ['X', 'O', 'X'], [7, 8, 'O']], [7, 7, 7, 8, 8, 8]]
[[['X', 'O', 'O'], ['X', 'O', 'X'], [7, 'X', 'O']], [7, 7, 7]]
[[[1, 'X', 3], [4, 'O', 6], [7, 8, 9]], [1, 1, 1, 3, 3, 3, 4, 4, 4, 6, 6, 6, 7, 7, 7, 8, 8, 8, 9, 9, 9]]
[[['O', 'X', 3], [4, 'O', 6], [7, 8, 9]], [3, 3, 3, 4, 4, 4, 6, 6, 6, 7, 7, 7, 8, 8, 8, 9, 9, 9]]
[[['O', 'X', 3], ['X', 'O', 6], [7, 8, 9]], [3, 3, 3, 6, 6, 6, 7, 7, 7, 8, 8, 8, 9, 9, 9]]
[[['O', 'X', 3], ['X', 'O', 6], [7, 'O', 9]], [3, 3, 3, 6, 6, 6, 7, 7, 7, 9, 9, 9]]
[[['O', 'X', 3], ['X', 'O', 6], [7, 'O', 'X']], [3, 3, 3, 6, 6, 6, 7, 7, 7]]
[[['O', 'X', 3], ['X', 'O', 6], ['O', 'O', 'X']], [3, 3, 3, 6, 6, 6]]
[[['O', 'X', 'X'], ['X', 'O', 6], ['O', 'O', 'X']], [6, 6, 6]]
[[['O', 2, 3], ['X', 5, 6], [7, 8, 9]], [2, 2, 2, 3, 3, 3, 5, 5, 5, 6, 6, 6, 7, 7, 7, 8, 8, 8, 9, 9, 9]]
[[['O', 2, 3], ['X', 5, 6], ['X', 8, 9]], [2, 2, 2, 3, 3, 3, 5, 5, 5, 6, 6, 6, 8, 8, 8, 9, 9, 9]]
[[['O', 2, 3], ['X', 5, 6], ['X', 8, 'O']], [2, 2, 2, 3, 3, 3, 5, 5, 5, 6, 6, 6, 8, 8, 8]]
[[['O', 2, 'X'], ['X', 5, 6], ['X', 8, 'O']], [2, 2, 2, 5, 5, 5, 6, 6, 6, 8, 8, 8]]
[[['O', 'O', 'X'], ['X', 5, 6], ['X', 8, 'O']], [5, 5, 5, 6, 6, 6, 8, 8, 8]]
[[['O', 'O', 'X'], ['X', 5, 'X'], ['X', 8, 'O']], [5, 5, 5, 8, 8, 8]]
[[['O', 'O', 'X'], ['X', 5, 'X'], ['X', 'O', 'O']], [5, 5, 5]]
[[['O', 'O', 'X'], ['X', 'X', 'X'], ['X', 'O', 'O']], []]
[[[1, 2, 3], [4, 'O', 6], ['X', 8, 9]], [1, 1, 1, 2, 2, 2, 3, 3, 3, 4, 4, 4, 6, 6, 6, 8, 8, 8, 9, 9, 9]]
[[['O', 2, 3], [4, 'O', 6], ['X', 8, 9]], [2, 2, 2, 3, 3, 3, 4, 4, 4, 6, 6, 6, 8, 8, 8, 9, 9, 9]]
[[['O', 2, 3], ['X', 'O', 6], ['X', 8, 9]], [2, 2, 2, 3, 3, 3, 6, 6, 6, 8, 8, 8, 9, 9, 9]]
[[['O', 2, 3], ['X', 'O', 6], ['X', 8, 'O']], [2, 2, 2, 3, 3, 3, 6, 6, 6, 8, 8, 8]]
[[['O', 'X', 3], [4, 5, 6], ['X', 8, 9]], [3, 3, 3, 4, 4, 4, 5, 5, 5, 6, 6, 6, 8, 8, 8, 9, 9, 9]]
[[['O', 'X', 3], [4, 'O', 6], ['X', 8, 9]], [3, 3, 3, 4, 4, 4, 6, 6, 6, 8, 8, 8, 9, 9, 9]]
[[['O', 'X', 'X'], [4, 'O', 6], ['X', 8, 9]], [4, 4, 4, 6, 6, 6, 8, 8, 8, 9, 9, 9]]
[[['O', 'X', 'X'], [4, 'O', 6], ['X', 8, 'O']], [4, 4, 4, 6, 6, 6, 8, 8, 8]]
[[['X', 'O', 3], [4, 5, 6], [7, 8, 9]], [3, 3, 3, 4, 4, 4, 5, 5, 5, 6, 6, 6, 7, 7, 7, 8, 8, 8, 9, 9, 9]]
[[['X', 'O', 3], [4, 5, 6], [7, 8, 'X']], [3, 3, 3, 4, 4, 4, 5, 5, 5, 6, 6, 6, 7, 7, 7, 8, 8, 8]]
[[['X', 'O', 3], [4, 'O', 6], [7, 8, 'X']], [3, 3, 3, 4, 4, 4, 6, 6, 6, 7, 7, 7, 8, 8, 8]]
[[['X', 'O', 3], [4, 'O', 6], [7, 'X', 'X']], [3, 3, 3, 4, 4, 4, 6, 6, 6, 7, 7, 7]]
[[['X', 'O', 3], [4, 'O', 6], ['O', 'X', 'X']], [3, 3, 3, 4, 4, 4, 6, 6, 6]]
[[['X', 'O', 'X'], [4, 'O', 6], ['O', 'X', 'X']], [4, 4, 4, 6, 6, 6]]
[[['X', 'O', 'X'], ['O', 'O', 6], ['O', 'X', 'X']], [6, 6, 6]]
[[['X', 'O', 'X'], ['O', 'O', 'X'], ['O', 'X', 'X']], []]
[[[1, 2, 3], [4, 5, 6], [7, 8, 'X']], [1, 1, 1, 2, 2, 2, 3, 3, 3, 4, 4, 4, 5, 5, 5, 6, 6, 6, 7, 7, 7, 8, 8, 8]]
[[['O', 2, 3], [4, 5, 6], [7, 8, 'X']], [2, 2, 2, 3, 3, 3, 4, 4, 4, 5, 5, 5, 6, 6, 6, 7, 7, 7, 8, 8]]
[[['O', 2, 3], ['X', 5, 6], [7, 8, 'X']], [2, 2, 2, 3, 3, 3, 5, 5, 5, 6, 6, 6, 7, 7, 7, 8, 8, 8]]
[[['O', 2, 'O'], ['X', 5, 6], [7, 8, 'X']], [2, 2, 2, 5, 5, 5, 6, 6, 6, 7, 7, 7, 8, 8, 8]]
[[['O', 2, 'O'], ['X', 5, 6], ['X', 8, 'X']], [2, 2, 2, 5, 5, 5, 6, 6, 6, 8, 8, 8]]
[[['O', 'O', 'O'], ['X', 5, 6], ['X', 8, 'X']], [5, 5, 5, 6, 6, 6, 8, 8, 8]]
[[['X', 'O', 3], [4, 5, 'X'], [7, 8, 9]], [3, 3, 3, 4, 4, 4, 5, 5, 5, 7, 7, 7, 8, 8, 8, 9, 9, 9]]
[[['X', 'O', 3], [4, 'O', 'X'], [7, 8, 9]], [3, 3, 3, 4, 4, 4, 7, 7, 7, 8, 8, 8, 9, 9, 9]]
[[['X', 'O', 'X'], [4, 'O', 'X'], [7, 8, 9]], [4, 4, 4, 7, 7, 7, 8, 8, 8, 9, 9, 9]]
[[['X', 'O', 'X'], [4, 'O', 'X'], [7, 'O', 9]], [4, 4, 4, 7, 7, 7, 9, 9, 9]]
[[[1, 'X', 'O'], ['X', 5, 6], [7, 8, 9]], [1, 1, 1, 5, 5, 5, 6, 6, 6, 7, 7, 7, 8, 8, 8, 9, 9, 9]]
[[[1, 'X', 'O'], ['X', 5, 6], ['O', 8, 9]], [1, 1, 1, 5, 5, 5, 6, 6, 6, 8, 8, 8, 9, 9, 9]]
[[[1, 'X', 'O'], ['X', 5, 6], ['O', 'X', 9]], [1, 1, 1, 5, 5, 5, 6, 6, 6, 9, 9, 9]]
[[[1, 'X', 'O'], ['X', 5, 6], ['O', 'X', 'O']], [1, 1, 1, 5, 5, 5, 6, 6, 6]]
[[[1, 'X', 'O'], ['X', 'X', 6], ['O', 'X', 'O']], [1, 1, 1, 6, 6, 6]]
[[['O', 2, 3], [4, 5, 6], [7, 'X', 'X']], [2, 2, 2, 3, 3, 3, 4, 4, 4, 5, 5, 5, 6, 6, 6, 7, 7, 7]]
[[['O', 2, 3], [4, 5, 6], ['O', 'X', 'X']], [2, 2, 2, 3, 3, 3, 4, 4, 4, 5, 5, 5, 6, 6, 6]]
[[['O', 2, 3], [4, 5, 'X'], ['O', 'X', 'X']], [2, 2, 2, 3, 3, 3, 4, 4, 4, 5, 5, 5]]
[[['O', 2, 3], ['O', 5, 'X'], ['O', 'X', 'X']], [2, 2, 2, 3, 3, 3, 5, 5, 5]]
[[['X', 2, 'O'], ['X', 5, 6], [7, 8, 9]], [2, 2, 2, 5, 5, 5, 6, 6, 6, 7, 7, 7, 8, 8, 8, 9, 9, 9]]
[[['X', 2, 'O'], ['X', 5, 6], ['O', 8, 9]], [2, 2, 2, 5, 5, 5, 6, 6, 6, 8, 8, 8, 9, 9, 9]]
[[['X', 'X', 'O'], ['X', 5, 6], ['O', 8, 9]], [5, 5, 5, 6, 6, 6, 8, 8, 8, 9, 9, 9]]
[[['X', 'X', 'O'], ['X', 5, 6], ['O', 8, 'O']], [5, 5, 5, 6, 6, 6, 8, 8, 8]]
[[['X', 'X', 'O'], ['X', 5, 6], ['O', 'X', 'O']], [5, 5, 5, 6, 6, 6]]
[[['X', 'X', 'O'], ['X', 'O', 6], ['O', 'X', 'O']], [6, 6, 6]]
[[[1, 2, 'X'], [4, 5, 6], [7, 8, 9]], [1, 1, 1, 2, 2, 2, 4, 4, 4, 5, 5, 5, 6, 6, 6, 7, 7, 7, 8, 8, 8, 9, 9, 9]]
[[['O', 2, 'X'], [4, 5, 6], [7, 8, 9]], [2, 2, 2, 4, 4, 4, 5, 5, 5, 6, 6, 6, 7, 7, 7, 8, 8, 8, 9, 9, 9]]
[[['O', 'X', 'X'], [4, 5, 6], [7, 8, 9]], [4, 4, 4, 5, 5, 5, 6, 6, 6, 7, 7, 7, 8, 8, 8, 9, 9, 9]]
[[['O', 'X', 'X'], [4, 5, 6], [7, 8, 'O']], [4, 4, 4, 5, 5, 5, 6, 6, 6, 7, 7, 7, 8, 8, 8]]
[[['O', 'X', 'X'], [4, 5, 'X'], [7, 8, 'O']], [4, 4, 4, 5, 5, 5, 7, 7, 7, 8, 8, 8]]
[[['O', 'X', 'X'], [4, 'O', 'X'], [7, 8, 'O']], [4, 4, 4, 7, 7, 7, 8, 8, 8]]
[[['O', 2, 3], [4, 'X', 'X'], [7, 8, 9]], [2, 2, 2, 3, 3, 3, 4, 4, 4, 7, 7, 7, 8, 8, 8, 9, 9, 9]]
[[['O', 2, 3], ['O', 'X', 'X'], [7, 8, 9]], [2, 2, 2, 3, 3, 3, 7, 7, 7, 8, 8, 8, 9, 9, 9]]
[[['O', 2, 3], ['O', 'X', 'X'], [7, 8, 'X']], [2, 2, 2, 3, 3, 3, 7, 7, 7, 8, 8, 8]]
[[['O', 2, 3], ['O', 'X', 'X'], ['O', 8, 'X']], [2, 2, 2, 3, 3, 3, 8, 8, 8]]
[[['X', 2, 'O'], [4, 5, 'X'], [7, 8, 9]], [2, 2, 2, 4, 4, 4, 5, 5, 5, 7, 7, 7, 8, 8, 8, 9, 9, 9]]
[[['X', 2, 'O'], [4, 'O', 'X'], [7, 8, 9]], [2, 2, 2, 4, 4, 4, 7, 7, 7, 8, 8, 8, 9, 9, 9]]
[[['X', 'X', 'O'], [4, 'O', 'X'], [7, 8, 9]], [4, 4, 4, 7, 7, 7, 8, 8, 8, 9, 9, 9]]
[[['X', 'X', 'O'], [4, 'O', 'X'], ['O', 8, 9]], [4, 4, 4, 8, 8, 8, 9, 9, 9]]
[[['X', 2, 'O'], [4, 'X', 6], [7, 8, 9]], [2, 2, 2, 4, 4, 4, 6, 6, 6, 7, 7, 7, 8, 8, 8, 9, 9, 9]]
[[['X', 2, 'O'], [4, 'X', 6], [7, 8, 'O']], [2, 2, 2, 4, 4, 4, 6, 6, 6, 7, 7, 7, 8, 8, 8]]
[[['X', 2, 'O'], ['X', 'X', 6], [7, 8, 'O']], [2, 2, 2, 6, 6, 6, 7, 7, 7, 8, 8, 8]]
[[['X', 2, 'O'], ['X', 'X', 6], ['O', 8, 'O']], [2, 2, 2, 6, 6, 6, 8, 8, 8]]
[[['X', 'X', 'O'], ['X', 'X', 6], ['O', 8, 'O']], [6, 6, 6, 8, 8, 8]]
[[['X', 'X', 'O'], ['X', 'X', 'O'], ['O', 8, 'O']], [8, 8, 8]]
[[['O', 2, 3], [4, 'X', 6], [7, 8, 'X']], [2, 2, 2, 3, 3, 3, 4, 4, 4, 6, 6, 6, 7, 7, 7, 8, 8, 8]]
[[['O', 2, 3], ['O', 'X', 6], [7, 8, 'X']], [2, 2, 2, 3, 3, 3, 6, 6, 6, 7, 7, 7, 8, 8, 8]]
[[['O', 2, 3], ['O', 'X', 6], ['X', 8, 'X']], [2, 2, 2, 3, 3, 3, 6, 6, 6, 8, 8, 8]]
[[['O', 2, 3], ['O', 'X', 6], ['X', 'O', 'X']], [2, 2, 2, 3, 3, 3, 6, 6, 6]]
[[['O', 2, 'X'], ['O', 'X', 6], ['X', 'O', 'X']], [2, 2, 2, 6, 6, 6]]
[[['O', 2, 3], [4, 'X', 6], ['X', 8, 9]], [2, 2, 2, 3, 3, 3, 4, 4, 4, 6, 6, 6, 8, 8, 8, 9, 9, 9]]
[[['O', 2, 'O'], [4, 'X', 6], ['X', 8, 9]], [2, 2, 2, 4, 4, 4, 6, 6, 6, 8, 8, 8, 9, 9, 9]]
[[['O', 2, 'O'], [4, 'X', 6], ['X', 'X', 9]], [2, 2, 2, 4, 4, 4, 6, 6, 6, 9, 9, 9]]
[[['O', 'O', 'O'], [4, 'X', 6], ['X', 'X', 9]], [4, 4, 4, 6, 6, 6, 9, 9, 9]]
[[[1, 2, 3], [4, 'X', 'O'], [7, 8, 9]], [1, 1, 1, 2, 2, 2, 3, 3, 3, 4, 4, 4, 7, 7, 7, 8, 8, 8, 9, 9, 9]]
[[[1, 'X', 3], [4, 'X', 'O'], [7, 8, 9]], [1, 1, 1, 3, 3, 3, 4, 4, 4, 7, 7, 7, 8, 8, 8, 9, 9, 9]]
[[[1, 'X', 3], [4, 'X', 'O'], [7, 'O', 9]], [1, 1, 1, 3, 3, 3, 4, 4, 4, 7, 7, 7, 9, 9, 9]]
[[[1, 'X', 3], ['X', 'X', 'O'], [7, 'O', 9]], [1, 1, 1, 3, 3, 3, 7, 7, 7, 9, 9, 9]]
[[[1, 'X', 'O'], ['X', 'X', 'O'], [7, 'O', 9]], [1, 1, 1, 7, 7, 7, 9, 9, 9]]
[[[1, 'X', 'O'], ['X', 'X', 'O'], ['X', 'O', 9]], [1, 1, 1, 9, 9, 9]]
[[[1, 'X', 'O'], ['X', 'X', 'O'], ['X', 'O', 'O']], [1, 1, 1]]
[[[1, 2, 3], [4, 5, 6], [7, 'X', 9]], [1, 1, 1, 2, 2, 2, 3, 3, 3, 4, 4, 4, 5, 5, 5, 6, 6, 6, 7, 7, 7, 9, 9, 9]]
[[['O', 2, 3], [4, 5, 6], [7, 'X', 9]], [2, 2, 2, 3, 3, 3, 4, 4, 4, 5, 5, 5, 6, 6, 6, 7, 7, 7, 9, 9, 9]]
[[['O', 2, 3], ['X', 5, 6], [7, 'X', 9]], [2, 2, 2, 3, 3, 3, 5, 5, 5, 6, 6, 6, 7, 7, 7, 9, 9, 9]]
[[['O', 'O', 3], ['X', 5, 6], [7, 'X', 9]], [3, 3, 3, 5, 5, 5, 6, 6, 6, 7, 7, 7, 9, 9, 9]]
[[['O', 'O', 3], ['X', 5, 6], [7, 'X', 'X']], [3, 3, 3, 5, 5, 5, 6, 6, 6, 7, 7, 7]]
[[['O', 'O', 3], ['X', 5, 6], ['O', 'X', 'X']], [3, 3, 3, 5, 5, 5, 6, 6, 6]]
[[['O', 'O', 3], ['X', 5, 'X'], ['O', 'X', 'X']], [3, 3, 3, 5, 5, 5]]
[[['O', 'O', 'O'], ['X', 5, 'X'], ['O', 'X', 'X']], [5, 5, 5]]
[[['O', 2, 3], [4, 5, 'X'], [7, 8, 'X']], [2, 2, 2, 3, 3, 3, 4, 4, 4, 5, 5, 5, 7, 7, 7, 8, 8, 8]]
[[['O', 2, 'O'], [4, 5, 'X'], [7, 8, 'X']], [2, 2, 2, 4, 4, 4, 5, 5, 5, 7, 7, 7, 8, 8, 8]]
[[['O', 2, 'O'], [4, 'X', 'X'], [7, 8, 'X']], [2, 2, 2, 4, 4, 4, 7, 7, 7, 8, 8, 8]]
[[['O', 2, 'O'], ['O', 'X', 'X'], [7, 8, 'X']], [2, 2, 2, 7, 7, 7, 8, 8, 8]]
[[['O', 2, 'O'], ['O', 'X', 'X'], ['X', 8, 'X']], [2, 2, 2, 8, 8, 8]]
[[['O', 'O', 'O'], ['O', 'X', 'X'], ['X', 8, 'X']], [8, 8, 8]]
[[[1, 2, 3], ['X', 'O', 6], [7, 8, 'X']], [1, 1, 1, 2, 2, 2, 3, 3, 3, 6, 6, 6, 7, 7, 7, 8, 8, 8]]
[[[1, 'O', 3], ['X', 'O', 6], [7, 8, 'X']], [1, 1, 1, 3, 3, 3, 6, 6, 6, 7, 7, 7, 8, 8, 8]]
[[[1, 'O', 3], ['X', 'O', 'X'], [7, 8, 'X']], [1, 1, 1, 3, 3, 3, 7, 7, 7, 8, 8, 8]]
[[[1, 'O', 3], ['X', 'O', 'X'], ['O', 8, 'X']], [1, 1, 1, 3, 3, 3, 8, 8, 8]]
[[[1, 'O', 'X'], ['X', 'O', 'X'], ['O', 8, 'X']], [1, 1, 1, 8, 8, 8]]
